Amazon_Instant_Video,4786,1.028622,0.381858
Apps_for_Android,14293,1.325111,0.298978
Automotive,21715,1.046478,0.408813
Baby,12610,1.126336,0.352126
Beauty,33879,1.149540,0.360212
Books,359458,0.908913,0.383191
CDs_and_Vinyl,64026,0.859334,0.362860
Cell_Phones_and_Accessories,40486,1.314775,0.311707
Clothing_Shoes_and_Jewelry,88132,1.076709,0.328165
Digital_Music,9501,0.740785,0.402321
Electronics,90897,1.224122,0.352229
Grocery_and_Gourmet_Food,22249,1.072742,0.396650
Health_and_Personal_Care,43003,1.166715,0.370795
Home_and_Kitchen,58493,1.137177,0.379559
Kindle_Store,60383,0.894301,0.376925
Movies_and_TV,50603,1.044740,0.352034
Musical_Instruments,8067,1.020763,0.385592
Office_Products,18399,1.193958,0.392386
Patio_Lawn_and_Garden,16130,1.184153,0.380849
Pet_Supplies,17250,1.150247,0.362131
Sports_and_Outdoors,51129,1.061426,0.366746
Tools_and_Home_Improvement,31261,1.098971,0.384445
Toys_and_Games,38761,1.037348,0.394256
Video_Games,16937,1.200726,0.319974
